13305
42342
542782
22708
29106
42346
249936
367256
525336
998860
11789
365613
1454602
34155
28758
73481
21180
89236
1118973
13308
42327
41732
581390
1328688
75413
19887
792944
973752
53004
54931
42331
19567
2053524
30779
35900
1060649
76582
1948019
44889
28821
55182
55850
56940
458303
687234
1032706
34166
887364
217906
224072
17566
31802
54906
963089
41729
37358
92192
487809
38177
32926
65571
93304
1178899
42351
10964
42333
54408
19564
45868
89904
421549
627978
466911
1036513
33309
41735
11801
443171
16448
57667
253205
286247
157025
35553
90601
455713
21110
33412
47443
58354
28610
38178
41218
85586
96377
21179
36670
440145
26422
1788979
61432
318595
322426
571516
36421
38077
58680
439351
24794
105033
16262
38656
104854
35569
62740
434503
29055
224471
71944
837497
12473
28855
42332
57380
334369
26968
30062
198593
42356
42702
70085
927638
273149
90073
133924
1908681
22302
30809
55311
215519
413121
30824
31269
458181
26386
28890
61345
222687
19569
58264
62825
77781
104860
441886
2270247
58742
231238
25624
35555
36664
320490
1377878
1640764
2041628
141940
16364
69045
95468
457822
892308
1487019
24293
98385
962473
1560205
42363
60720
87844
96345
28869
73984
79281
81629
121552
221014
486645
810255
14442
35897
52182
55730
198599
221470
240439
31272
42355
57133
636862
28790
35546
42279
57770
110019
121549
161206
220756
313978
585468
643053
16255
24818
63086
96364
234732
11802
22294
35071
40265
99983
195923
422745
891626
24819
41736
51858
72063
13231
42717
63259
70288
259339
33310
43671
228744
815888
1955440
35499
36363
42738
74758
91587
144307
394534
478252
1998208
111100
225478
328475
427517
461556
1990857
14438
28748
28813
28833
42350
43792
56678
69909
91515
104850
176953
206192
259892
310568
733710
1460618
35907
43784
75414
76975
151416
193008
222010
317466
451250
862981
1068106
1069765
1089592
1100913
1548820
35549
37986
90769
309978
394293
446500
824885
1602411
38313
57909
76195
87013
191258
322668
540390
76211
91532
130408
273843
865225
19989
29058
41728
59144
87014
94336
348464
541210
588612
787996
1146362
78680
107739
43453
47696
52754
184962
430057
609319
1072552
1378441
28728
42736
53476
57664
73995
80623
90780
151970
338033
518678
1292996
1299189
1480012
19565
21181
42708
52900
58357
58728
75707
82030
219295
854279
2040141
28841
42348
55248
57381
70155
75708
227611
308188
422126
430961
778554
967704
1006294
1047736
1123321
1368677
1844857
29391
61034
100232
170313
706746
1350426
1453818
1550028
34390
42362
42364
45304
62543
73997
126470
223073
339161
1294508
29977
30428
43492
92947
102113
104848
147590
254989
333193
396207
428179
973529
1484800
1807502
12471
28803
35906
36250
36304
74865
75776
92134
249937
581972
646972
721650
721985
791811
1181660
1738984
1806801
1978567
43260
89761
162711
227706
251151
257912
288074
419520
1261170
31546
82043
92083
121025
224469
253355
1009022
1241942
1706870
1754540
1812630
13307
27549
28854
32857
34186
37877
42692
51851
62644
96347
105265
105269
166682
174244
229966
256658
312406
349139
401849
639319
1771328
13233
28681
30781
31268
35557
36661
38171
96329
245342
272800
279791
302015
412110
480092
610740
695054
862982
1105339
32049
43702
53511
55251
94374
114636
125753
128396
167810
188528
195967
197707
221845
232910
288137
383338
418926
474711
610095
851803
1001030
11968
12131
28720
35903
42663
43263
57383
61315
76926
88484
94817
107736
168473
204726
224475
268758
272677
288105
299032
319701
322671
388137
420999
425170
891094
897028
977589
1284573
1657776
14444
14446
19886
28785
32308
42701
56748
69816
73981
96333
120173
138233
143525
222783
311302
374286
455566
797936
1380658
1540635
1925126
35902
42608
57834
58356
74484
108292
122091
229493
235503
287723
316842
346769
365077
365129
474887
520759
549727
628922
1530927
1702491
1870942
13306
14448
28731
56365
92109
96470
100227
329339
331903
396609
410933
425532
459843
690603
772109
830448
862980
885386
886450
1114115
1147327
1692429
1728120
1765516
24845
29021
42324
74515
89248
91194
104172
108442
140213
199120
288123
336285
357617
403201
418930
422454
507322
571820
600673
767988
940238
968895
1179995
1298453
1451503
1578151
1700006
1729502
2174958
14443
26388
30138
32310
35899
39252
42344
43670
44673
44681
47289
49567
65354
66077
70167
74602
97656
104857
105271
107705
127897
198594
218877
229496
246837
318280
344026
511381
887363
1124788
1257331
1495211
1807644
1837532
1842471
2194219
28777
41306
43207
43743
62412
70083
89813
93449
94256
94830
227627
246649
312407
396247
594567
662084
1258876
1296922
1297246
1646193
1880652
1894633
14445
27834
29752
31274
36836
44570
70602
71867
77469
83695
85757
90789
103352
104199
104853
105026
105634
152407
213123
311482
321952
347178
350834
352708
439259
466613
498199
521188
523578
639184
690360
793401
1022463
1324213
1459683
1676955
1825974
2095352
2178825
31549
31671
59536
73982
74007
86443
93778
108607
108621
108794
122090
181528
188141
198592
218792
233848
244646
315852
352135
370312
387091
394945
455765
551368
643638
711613
827439
1031181
1598095
1704978
16365
28704
35539
36665
42336
55767
56442
65678
70610
71825
74772
80478
87015
90897
92956
96378
109919
229494
245379
331077
390746
494292
804950
970358
1233294
1239553
1257985
1274653
1504839
1986076
27645
36253
36306
36660
55131
66171
75549
82895
91369
191257
205639
223971
245791
247309
288114
304002
391764
392885
401202
434953
473195
521196
606123
791789
964955
1002580
1035531
1104212
1162567
1386211
1481954
1571576
2056697
2072241
12470
28742
35898
58145
61259
98375
150975
189489
212369
229695
247307
310107
316882
338501
398316
529708
545788
627614
839857
892476
937119
1132954
1293463
1498468
1799777
2047924
26420
36843
42575
42837
69813
73986
84651
90694
94303
94739
104862
105485
107197
175343
218796
225473
248207
260258
332445
354089
404550
415811
420995
484463
561463
566826
618639
690322
715355
862705
1155492
1231090
1454914
1539867
1599638
1801443
1956631
30195
30441
36662
43669
58504
69495
73980
74751
74765
75412
75472
75502
76041
84823
96376
139904
168468
170506
171372
194098
208178
218535
236375
247837
336059
475233
620961
769209
1046136
1176029
1236181
1332794
1376457
1405800
1450535
1523571
1539757
1601591
1726662
2051731
44489
57808
60719
69817
71834
79989
86161
94227
107378
112755
125749
128340
186988
218797
222886
240135
316785
321342
330860
338552
341619
345570
412107
421427
422125
457583
548535
835874
849984
1186756
1234775
1436506
1455466
1951253
1984425
17565
21184
31412
32784
35577
42799
44013
47304
56172
73993
84166
94657
106603
127562
128447
164661
166685
168634
171672
180728
182100
216917
220129
221494
338119
351433
381207
396979
432501
466907
502170
542606
638766
649344
689437
745282
791800
850279
850832
955999
964957
1278024
1403475
1509240
1815988
1958270
14525
21182
30116
30140
58360
69905
72152
85142
91840
104507
125750
127815
129704
162831
198588
198971
216584
260259
321945
329767
354629
401378
425530
457702
533971
546457
607996
812461
863433
916668
1007390
1047694
1185697
1372375
1518821
1652257
1711098
1790653
1920438
2155518
2199094
13815
19566
25578
28623
28666
30064
30145
34966
35743
36381
42353
43737
51847
55711
58681
78500
83771
95198
122077
198605
198664
221688
228938
249538
257391
261515
297106
310443
313848
319325
333932
373753
388136
394290
468033
556062
631189
672068
709294
742013
789745
837733
872503
888418
1083140
1107101
1382731
1486394
1577881
1605488
1786473
1826104
1869046
1973611
14447
24197
30813
31239
35659
37536
41243
42699
43739
52495
56732
68179
75299
87012
96334
97935
98387
104851
189972
194939
224470
245892
268485
272039
304643
316368
333924
333928
356513
426826
501860
510059
535484
571250
610350
618642
653178
780872
793790
810045
822030
830450
893912
955934
1052811
1063237
1124789
1454764
1457239
1606091
1679553
1702907
1718993
1730254
1746651
1909690
1956296
2113649
2126703
2165638
2238084
28717
41726
43789
43791
46910
54409
55858
56677
70604
89707
94262
110624
111169
180687
188778
189446
198580
199208
205148
206053
206099
206842
210855
218555
288131
316336
319705
345546
411283
416159
421648
422837
450502
481954
510541
511889
538569
563978
590817
650948
790670
794845
822732
862978
876579
987442
1029227
1275657
1275999
1343029
1378320
1394039
1394952
1515974
1539241
1749277
1974400
2000319
2201021
30766
32467
34965
51853
52497
56108
57678
70096
70598
70660
74757
75406
94760
96356
98583
122291
174242
196532
206057
213195
217681
227867
257388
268708
300028
313425
316302
333210
351792
406331
425959
426973
588761
594176
715199
829953
830451
841522
866346
884954
906352
931522
1005541
1025051
1035714
1063497
1194751
1255286
1295840
1321225
1324214
1372247
1385335
1417459
1439038
1483535
1570005
1751917
1826506
1839755
1858645
1878289
1882782
1886618
1892716
1907694
2000322
2043612
2115730
2149083
2194454
2281258
17403
30188
42322
42349
47832
55852
65895
69480
82415
91199
95113
95665
102150
109918
128339
132222
198600
218666
229009
252203
300086
339061
342310
347273
384187
427818
430237
456370
461335
471822
497710
530310
587759
599201
626684
755560
829956
829957
829958
938291
983623
1033403
1040182
1080822
1200246
1261641
1453277
1467941
1521972
1553221
1604725
1750451
1787728
1875591
1875751
1887054
2090057
2123265
2154110
2189836
2263026
21112
27921
28671
28807
33749
41230
41734
42725
56173
58263
71769
75305
107036
108023
121551
125260
125478
128395
189642
216581
218690
251167
302680
320110
339173
347190
357855
401673
411134
418928
458416
460624
463488
464522
487762
521276
538188
594700
626182
636920
781336
946128
1068286
1081281
1145771
1146593
1153806
1176020
1235464
1254442
1301045
1326327
1616463
1633455
1732816
1889805
1918228
2041591
2042745
2053341
2153794
2190550
2203879
2278349
2306000
2340137
30194
38676
42741
43741
49125
55598
70075
88732
94335
94338
110965
120588
125654
127559
198964
204727
215689
217043
220544
222108
225866
227389
249169
251600
274369
285822
312901
339057
394540
425210
438841
449814
461925
544699
548097
572392
637112
637115
639538
645096
688227
720258
767459
830445
857288
883145
891627
896268
944200
974295
999405
1007246
1026523
1114603
1177657
1190061
1372095
1384526
1473928
1476758
1700769
1732663
1747383
1757082
1778150
1793887
1820398
1843797
1953246
1976657
2009298
2077249
2166226
2257454
2266695
2279831
2308844
27512
28774
29763
36301
36444
42723
58056
65313
70811
74942
75712
76124
99057
104912
104943
152741
187796
198596
217516
231410
239229
246393
252829
264272
269239
287231
288122
305749
314406
322673
322681
418931
423272
424865
425440
430094
431315
434059
446752
460083
467290
473142
474927
536417
548586
600006
600116
627981
632933
635582
695153
780977
832138
871426
885865
902985
977388
991382
1014562
1075065
1081924
1092127
1092288
1097925
1112502
1127629
1185696
1237545
1239370
1395356
1443784
1479712
1522631
1599640
1672812
1673545
1708040
1709796
1710882
1733267
1751834
1825299
1826145
1856251
1866470
1873378
1923418
1958917
2059494
2098204
2105481
2179529
2190612
19563
36832
42298
43423
51854
67336
73973
74703
92782
96354
123216
174236
179022
198827
205562
213199
218539
224019
224079
258438
264940
307542
314584
334682
335002
347271
389316
404776
451208
458301
473283
521137
524980
548740
591714
594560
594564
687575
696929
720759
770362
813029
851376
852198
862976
895326
938370
939483
961859
962750
964288
979264
1005485
1059966
1101978
1126607
1132309
1168263
1185352
1253683
1370905
1387649
1400468
1458981
1479987
1546559
1548159
1566953
1594601
1619510
1627189
1688328
1752937
1808675
1842916
1854713
1875777
1883933
1956236
1967914
1989751
1990733
1992155
2000602
2006482
2044710
2066442
2094465
2103112
2126587
2174771
2175852
2202230
2203353
2280066
2340525
28921
29137
35554
36844
57024
61178
64798
76127
82192
82940
85018
94827
100807
110115
112754
126771
177482
198602
255594
265634
266421
305162
315191
315872
328188
339171
394425
420997
422333
427311
442056
462388
463290
482359
482916
488810
496158
507347
535492
537776
549550
565192
576966
606388
618387
624876
627980
634028
715406
762293
765504
767402
779390
791173
826564
848301
857355
892182
899799
922804
941298
950040
967775
980549
996174
1100378
1103189
1168273
1253669
1298999
1326487
1332871
1382285
1385223
1388736
1451421
1491618
1507163
1536332
1545514
1558179
1616185
1624883
1640337
1651498
1669727
1733186
1756801
1873675
1881728
1927620
1950004
1963324
1989747
1992430
2022687
2044081
2070139
2146312
2177764
2181101
2222739
30001
32091
36252
36840
38062
42300
70603
77968
90624
121553
175331
189640
218554
222785
228483
322684
325177
330228
343789
406735
409451
431642
438378
473333
516936
555901
581838
581987
626314
630663
632348
634467
642690
644202
703069
741704
758942
768345
771311
775566
793933
891739
893763
958425
958427
958493
959666
966782
1021470
1034412
1070434
1074392
1083967
1095373
1114121
1120356
1143398
1145357
1235646
1253194
1264086
1385512
1423398
1431145
1521036
1529234
1580678
1599073
1621881
1656057
1703828
1710275
1714022
1734474
1745026
1762236
1789357
1846252
1860765
1878479
1927623
1943624
1956897
2001553
2007896
2024246
2096180
2097126
2142543
2171806
2173877
2190282
2283201
2302527
2310663
27401
28330
32589
38314
42739
43494
70101
70606
70609
87685
89905
91830
97055
104129
104849
109379
165075
224472
237330
243823
249731
252831
254400
295292
329700
344291
396437
397668
407732
444441
473202
559041
574425
630044
641377
649588
663052
685206
696549
700201
703627
748000
770695
774353
820071
830449
839058
914579
966428
1074057
1078516
1084928
1094887
1137231
1188619
1302631
1305876
1330755
1385176
1436390
1453563
1499986
1503255
1524476
1525087
1559478
1571345
1619021
1619911
1651101
1651566
1677500
1678765
1684707
1695923
1699050
1704160
1711797
1722467
1733129
1768036
1771166
1790645
1806440
1810761
1837070
1839012
1861571
1871699
1905945
1974391
1982890
1989451
2039880
2050454
2054796
2118110
2172216
2194002
2196960
2202629
2209355
2237743
2281159
2304151
2347206
28858
60502
70072
72777
73976
73990
74488
100803
125653
148502
227153
246394
303737
314439
315010
321951
326463
338481
338636
363795
370501
431018
456324
459343
461524
497718
549497
556387
593794
598113
598542
699601
721408
744914
791398
793435
794133
819109
827078
837277
852756
859452
863049
882416
888719
893789
906616
910716
914217
921680
923619
935858
937194
953192
953939
965353
967778
1032241
1058718
1093770
1106652
1124028
1155633
1183655
1214243
1247276
1260232
1296953
1314863
1326981
1368604
1383475
1433274
1434400
1437651
1442555
1476438
1617000
1626587
1664236
1682483
1712157
1717709
1725262
1747864
1748090
1752753
1789021
1801289
1810587
1812319
1819374
1823088
1827679
1841477
1849426
1859526
1860810
1868465
1879607
1904861
1919746
1919793
1921747
1949572
1952444
2009577
2065298
2071382
2073901
2091335
2096293
2126257
2163462
2174921
2195550
2198589
2213179
2243193
2288555
2380358
31591
35495
43682
62647
70600
70601
70614
70776
71753
96331
104177
310531
316328
332504
350478
406998
415139
435259
443627
458877
465422
486226
545110
548238
548287
557516
615168
686042
687593
705818
740695
774487
816407
836572
845720
857229
886045
889773
897046
899394
920552
926874
944783
945580
963653
966126
999376
1033546
1039850
1059562
1105064
1117541
1120228
1121138
1145416
1146527
1147221
1167331
1175717
1181657
1216201
1263367
1275153
1292527
1295839
1296956
1300018
1302089
1346905
1368139
1371272
1372254
1380825
1407708
1426996
1450997
1454301
1501392
1548347
1550707
1552708
1559574
1590321
1603799
1620596
1716911
1728071
1735203
1748780
1753836
1770865
1799899
1802886
1806439
1810522
1825137
1836370
1838714
1842342
1850572
1867361
1919851
1927484
1955793
1991524
2003437
2023707
2062148
2064346
2089462
2104505
2104749
2117888
2125536
2179179
2192486
2219064
2223295
2231825
2265876
2267359
2274549
2279562
2281868
2283150
2305654
2305688
2332411
12472
26593
55853
56974
73989
74704
112982
164298
213201
222025
228674
314202
314402
336239
346712
359300
361301
365936
381982
417739
424138
431383
436305
443636
451091
457714
478167
568398
577223
596271
607152
625952
638768
644200
709559
762334
769712
771281
778915
794625
805958
816402
829169
842044
855084
862537
862585
862979
872966
920498
939807
947476
952077
956353
966579
967086
982585
985853
1002504
1027197
1028511
1041798
1070766
1075835
1087194
1103625
1109874
1110106
1114584
1123336
1133821
1175047
1176432
1185806
1194122
1223374
1274390
1295926
1302102
1303248
1304329
1313028
1344741
1377537
1419003
1440364
1451530
1453815
1473750
1475023
1501743
1503388
1536148
1576425
1595735
1605343
1692409
1707331
1708053
1734574
1754908
1768782
1775529
1775620
1788927
1789526
1789811
1835982
1840625
1844528
1857929
1861793
1879997
1889402
1889904
1892776
1972523
1980823
1994328
1995645
2008462
2030378
2048174
2049412
2049563
2065302
2072152
2113450
2125531
2125746
2130483
2132655
2171979
2173875
2177586
2180401
2199509
2203071
2210591
2236484
2241923
2270022
2281538
2282334
2298470
2305535
2321966
2353684
54544
113636
120339
217320
223683
226413
226878
256986
308348
314400
315234
333199
351383
363862
388433
403541
417352
419993
430261
442024
451284
460605
468178
472472
474572
487877
521193
537746
544230
638767
643483
647470
706322
706774
733963
753191
764401
764809
785225
786638
786844
798824
805698
807413
807948
815027
830446
857212
857854
858499
859041
897375
905561
928473
936397
954722
961715
984459
991336
1009341
1011674
1029985
1042232
1059779
1060788
1076998
1094885
1099565
1108763
1112363
1122820
1122909
1124566
1128058
1129794
1152566
1160249
1162713
1168622
1178020
1221627
1223506
1223572
1240173
1270680
1270686
1284336
1297251
1302499
1325586
1326167
1326572
1331623
1334767
1371229
1377396
1395740
1405799
1407001
1423025
1433561
1449408
1453715
1454132
1460426
1461194
1486414
1505619
1546471
1551702
1559738
1641311
1659973
1661190
1664281
1672015
1674707
1686305
1700574
1732463
1733313
1733622
1735006
1748498
1751536
1754179
1755354
1755506
1782013
1786505
1804843
1807794
1814454
1820396
1860812
1862570
1879284
1883154
1893412
1894663
1895420
1903748
1908215
1908216
1921391
1925598
1926751
1946780
1951404
1951936
1952410
1967457
1973883
1978106
1994865
1997537
2001514
2012110
2019405
2024139
2027258
2032057
2033777
2037468
2039725
2043859
2046106
2060336
2075636
2091337
2120287
2139313
2156050
2156379
2169787
2172161
2179942
2186777
2190552
2201968
2215718
2216462
2221915
2230333
2250475
2268024
2281372
2281459
2281882
2282042
2289953
2303693
2314821
2323949
2334118
2343798
2349680
58059
70612
169013
170708
223074
259289
288139
329130
329327
332444
356332
385154
412454
430751
466614
507117
523473
569547
581575
582998
590210